0
1
67
1662
startbyte
255
0
291
0.175090
samebyte
224
0
8
0.004813
samebyte
16
0
46
0.027677
samebyte
60
0
33
0.019856
samebyte
240
0
49
0.029483
samebyte
6
0
37
0.022262
samebyte
15
0
41
0.024669
samebyte
1
0
96
0.057762
samebyte
120
0
46
0.027677
samebyte
128
0
70
0.042118
samebyte
12
0
23
0.013839
samebyte
32
0
48
0.028881
samebyte
4
0
46
0.027677
samebyte
64
0
47
0.028279
samebyte
30
0
39
0.023466
samebyte
3
0
44
0.026474
samebyte
7
0
31
0.018652
samebyte
192
0
25
0.015042
samebyte
223
0
14
0.008424
samebyte
241
0
14
0.008424
samebyte
231
0
17
0.010229
samebyte
248
0
14
0.008424
samebyte
96
0
14
0.008424
samebyte
8
0
41
0.024669
samebyte
17
0
12
0.007220
samebyte
24
0
30
0.018051
samebyte
234
0
14
0.008424
samebyte
127
0
17
0.010229
samebyte
2
0
41
0.024669
samebyte
222
0
14
0.008424
samebyte
23
0
13
0.007822
samebyte
235
0
12
0.007220
samebyte
29
0
17
0.010229
samebyte
228
0
16
0.009627
samebyte
21
0
8
0.004813
samebyte
100
0
19
0.011432
samebyte
18
0
12
0.007220
samebyte
233
0
14
0.008424
samebyte
232
0
13
0.007822
samebyte
242
0
11
0.006619
samebyte
48
0
15
0.009025
samebyte
243
0
16
0.009627
samebyte
9
0
10
0.006017
samebyte
14
0
11
0.006619
samebyte
227
0
9
0.005415
samebyte
19
0
8
0.004813
samebyte
244
0
11
0.006619
samebyte
245
0
10
0.006017
samebyte
26
0
9
0.005415
samebyte
28
0
13
0.007822
samebyte
5
0
9
0.005415
samebyte
250
0
8
0.004813
samebyte
10
0
9
0.005415
samebyte
27
0
10
0.006017
samebyte
25
0
10
0.006017
samebyte
238
0
9
0.005415
samebyte
239
0
9
0.005415
samebyte
247
0
11
0.006619
samebyte
221
0
8
0.004813
samebyte
11
0
10
0.006017
samebyte
22
0
9
0.005415
samebyte
225
0
10
0.006017
samebyte
226
0
8
0.004813
samebyte
31
0
8
0.004813
samebyte
230
0
9
0.005415
samebyte
33
0
8
0.004813
samebyte
34
0
8
0.004813
changebyte
0
2
16
356
startbyte
65535
0
185
0.519663
samebyte
32
0
14
0.039326
samebyte
256
0
17
0.047753
samebyte
65407
0
15
0.042135
samebyte
32768
0
11
0.030899
samebyte
1000
0
10
0.028090
samebyte
16
0
14
0.039326
samebyte
1
0
11
0.030899
samebyte
16384
0
11
0.030899
samebyte
4
0
10
0.028090
samebyte
4096
0
11
0.030899
samebyte
32767
0
14
0.039326
samebyte
65533
0
9
0.025281
samebyte
2
0
8
0.022472
samebyte
1024
0
8
0.022472
samebyte
8
0
8
0.022472
changebyte
0
4
2
186
startbyte
4294967295
0
178
0.956989
samebyte
256
0
8
0.043011
changebyte
1
1
1
21
startbyte
254
0
21
1.000000
changebyte
2
1
1
9
startbyte
253
0
9
1.000000
changebyte
3
1
1
8
startbyte
252
0
8
1.000000
changebyte
4
4
1
9
startbyte
4294967291
0
9
1.000000
changebyte
10
1
1
14
startbyte
245
0
14
1.000000
changebyte
10
4
1
9
startbyte
4294967285
0
9
1.000000
changebyte
15
1
19
334
startbyte
51
0
13
0.038922
samebyte
12
0
18
0.053892
samebyte
47
0
20
0.059880
samebyte
0
0
19
0.056886
samebyte
240
0
50
0.149701
samebyte
111
0
13
0.038922
samebyte
9
0
11
0.032934
samebyte
17
0
15
0.044910
samebyte
255
0
27
0.080838
samebyte
14
0
27
0.080838
samebyte
8
0
21
0.062874
samebyte
16
0
17
0.050898
samebyte
64
0
12
0.035928
samebyte
32
0
15
0.044910
samebyte
3
0
9
0.026946
samebyte
23
0
13
0.038922
samebyte
63
0
14
0.041916
samebyte
13
0
12
0.035928
samebyte
11
0
8
0.023952
changebyte
17
1
2
31
startbyte
238
0
23
0.741935
samebyte
16
0
8
0.258065
changebyte
32
1
1
11
startbyte
223
0
11
1.000000
changebyte
36
1
1
11
startbyte
219
0
11
1.000000
changebyte
58
1
1
8
startbyte
197
0
8
1.000000
changebyte
60
1
5
86
startbyte
61
0
22
0.255814
samebyte
195
0
34
0.395349
samebyte
63
0
11
0.127907
samebyte
34
0
11
0.127907
samebyte
128
0
8
0.093023
changebyte
64
1
1
10
startbyte
191
0
10
1.000000
changebyte
68
1
1
10
startbyte
187
0
10
1.000000
changebyte
72
1
1
18
startbyte
183
0
18
1.000000
changebyte
97
1
1
10
startbyte
158
0
10
1.000000
changebyte
100
1
23
325
startbyte
122
0
13
0.040000
samebyte
103
0
25
0.076923
samebyte
84
0
10
0.030769
samebyte
96
0
10
0.030769
samebyte
255
0
13
0.040000
samebyte
68
0
8
0.024615
samebyte
155
0
60
0.184615
samebyte
104
0
12
0.036923
samebyte
128
0
14
0.043077
samebyte
113
0
12
0.036923
samebyte
108
0
14
0.043077
samebyte
98
0
18
0.055385
samebyte
16
0
10
0.030769
samebyte
164
0
10
0.030769
samebyte
0
0
12
0.036923
samebyte
101
0
18
0.055385
samebyte
88
0
14
0.043077
samebyte
99
0
9
0.027692
samebyte
148
0
9
0.027692
samebyte
124
0
8
0.024615
samebyte
107
0
10
0.030769
samebyte
116
0
8
0.024615
samebyte
4
0
8
0.024615
changebyte
101
1
1
8
startbyte
154
0
8
1.000000
changebyte
103
1
25
394
startbyte
91
0
15
0.038071
samebyte
152
0
53
0.134518
samebyte
127
0
37
0.093909
samebyte
121
0
17
0.043147
samebyte
100
0
31
0.078680
samebyte
255
0
9
0.022843
samebyte
79
0
10
0.025381
samebyte
97
0
16
0.040609
samebyte
111
0
10
0.025381
samebyte
87
0
15
0.038071
samebyte
104
0
14
0.035533
samebyte
99
0
11
0.027919
samebyte
102
0
25
0.063452
samebyte
7
0
11
0.027919
samebyte
107
0
13
0.032995
samebyte
167
0
13
0.032995
samebyte
96
0
17
0.043147
samebyte
101
0
11
0.027919
samebyte
119
0
15
0.038071
samebyte
84
0
8
0.020305
samebyte
76
0
8
0.020305
samebyte
151
0
10
0.025381
samebyte
231
0
8
0.020305
samebyte
31
0
9
0.022843
samebyte
64
0
8
0.020305
changebyte
128
1
1
9
startbyte
127
0
9
1.000000
changebyte
139
1
1
8
startbyte
116
0
8
1.000000
changebyte
143
1
3
60
startbyte
128
0
15
0.250000
samebyte
142
0
19
0.316667
samebyte
112
0
26
0.433333
changebyte
152
1
2
21
startbyte
103
0
13
0.619048
samebyte
155
0
8
0.380952
changebyte
155
1
1
8
startbyte
100
0
8
1.000000
changebyte
195
1
19
257
startbyte
60
0
37
0.143969
samebyte
194
0
30
0.116732
samebyte
187
0
12
0.046693
samebyte
196
0
13
0.050584
samebyte
243
0
11
0.042802
samebyte
128
0
9
0.035019
samebyte
32
0
11
0.042802
samebyte
51
0
11
0.042802
samebyte
255
0
16
0.062257
samebyte
192
0
18
0.070039
samebyte
199
0
12
0.046693
samebyte
203
0
12
0.046693
samebyte
221
0
9
0.035019
samebyte
3
0
8
0.031128
samebyte
163
0
10
0.038911
samebyte
197
0
10
0.038911
samebyte
172
0
8
0.031128
samebyte
211
0
12
0.046693
samebyte
219
0
8
0.031128
changebyte
197
1
56
952
startbyte
193
0
21
0.022059
samebyte
202
0
22
0.023109
samebyte
195
0
27
0.028361
samebyte
221
0
22
0.023109
samebyte
194
0
28
0.029412
samebyte
198
0
53
0.055672
samebyte
173
0
13
0.013655
samebyte
58
0
84
0.088235
samebyte
205
0
14
0.014706
samebyte
174
0
14
0.014706
samebyte
217
0
9
0.009454
samebyte
196
0
40
0.042017
samebyte
100
0
22
0.023109
samebyte
175
0
11
0.011555
samebyte
219
0
36
0.037815
samebyte
32
0
20
0.021008
samebyte
189
0
19
0.019958
samebyte
0
0
14
0.014706
samebyte
64
0
16
0.016807
samebyte
182
0
9
0.009454
samebyte
69
0
22
0.023109
samebyte
229
0
23
0.024160
samebyte
201
0
30
0.031513
samebyte
1
0
12
0.012605
samebyte
249
0
19
0.019958
samebyte
133
0
11
0.011555
samebyte
16
0
15
0.015756
samebyte
128
0
17
0.017857
samebyte
168
0
10
0.010504
samebyte
191
0
11
0.011555
samebyte
5
0
18
0.018908
samebyte
208
0
11
0.011555
samebyte
53
0
15
0.015756
samebyte
245
0
13
0.013655
samebyte
127
0
15
0.015756
samebyte
171
0
8
0.008403
samebyte
165
0
22
0.023109
samebyte
210
0
15
0.015756
samebyte
213
0
22
0.023109
samebyte
199
0
10
0.010504
samebyte
220
0
9
0.009454
samebyte
184
0
9
0.009454
samebyte
211
0
8
0.008403
samebyte
180
0
10
0.010504
samebyte
232
0
8
0.008403
samebyte
181
0
9
0.009454
samebyte
214
0
9
0.009454
samebyte
206
0
8
0.008403
samebyte
212
0
8
0.008403
samebyte
187
0
10
0.010504
samebyte
200
0
8
0.008403
samebyte
230
0
11
0.011555
samebyte
228
0
8
0.008403
samebyte
226
0
8
0.008403
samebyte
172
0
8
0.008403
samebyte
203
0
8
0.008403
changebyte
202
1
1
11
startbyte
53
0
11
1.000000
changebyte
217
1
3
42
startbyte
218
0
14
0.333333
samebyte
38
0
18
0.428571
samebyte
229
0
10
0.238095
changebyte
223
1
11
152
startbyte
217
0
12
0.078947
samebyte
222
0
16
0.105263
samebyte
32
0
35
0.230263
samebyte
191
0
11
0.072368
samebyte
208
0
9
0.059211
samebyte
1
0
9
0.059211
samebyte
199
0
16
0.105263
samebyte
220
0
10
0.065789
samebyte
255
0
18
0.118421
samebyte
64
0
8
0.052632
samebyte
193
0
8
0.052632
changebyte
3772834016
4
1
13
startbyte
522133279
0
13
1.000000
changebyte
57568
2
1
17
startbyte
7967
0
17
1.000000
changebyte
242
1
1
12
startbyte
13
0
12
1.000000
changebyte
255
1
7
154
startbyte
0
0
79
0.512987
samebyte
252
0
19
0.123377
samebyte
254
0
21
0.136364
samebyte
159
0
8
0.051948
samebyte
127
0
8
0.051948
samebyte
15
0
10
0.064935
samebyte
240
0
9
0.058442
changebyte
1633771873
4
1
9
startbyte
2661195422
0
9
1.000000
changebyte
3267543746
4
1
10
startbyte
1027423549
0
10
1.000000
changebyte
50115
2
1
81
startbyte
15420
0
81
1.000000
changebyte
3284386755
4
1
73
startbyte
1010580540
0
73
1.000000
changebyte
25700
2
1
69
startbyte
39835
0
69
1.000000
changebyte
1684300900
4
1
67
startbyte
2610666395
0
67
1.000000
changebyte
3318072773
4
5
282
startbyte
976894522
0
245
0.868794
samebyte
100
0
10
0.035461
samebyte
4194304250
0
10
0.035461
samebyte
1073750016
2
9
0.031915
samebyte
2147483648
0
8
0.028369
changebyte
50629
2
10
305
startbyte
14906
0
214
0.701639
samebyte
32767
0
8
0.026230
samebyte
65407
0
16
0.052459
samebyte
128
0
13
0.042623
samebyte
65535
0
8
0.026230
samebyte
0
0
9
0.029508
samebyte
256
0
12
0.039344
samebyte
50657
0
9
0.029508
samebyte
32512
0
8
0.026230
samebyte
1
0
8
0.026230
changebyte
26471
2
2
114
startbyte
39064
0
105
0.921053
samebyte
128
0
9
0.078947
changebyte
1734829927
4
2
121
startbyte
2560137368
0
111
0.917355
samebyte
2147483648
0
10
0.082645
changebyte
51657
2
1
13
startbyte
13878
0
13
1.000000
changebyte
3385444809
4
1
14
startbyte
909522486
0
14
1.000000
changebyte
3402287818
4
1
9
startbyte
892679477
0
9
1.000000
changebyte
3941264106
4
1
8
startbyte
353703189
0
8
1.000000
changebyte
52685
2
1
13
startbyte
12850
0
13
1.000000
changebyte
3452816845
4
1
10
startbyte
842150450
0
10
1.000000
changebyte
3855
2
1
92
startbyte
61680
0
92
1.000000
changebyte
252645135
4
1
88
startbyte
4042322160
0
88
1.000000
changebyte
2408550287
4
1
38
startbyte
1886417008
0
38
1.000000
changebyte
36751
2
1
37
startbyte
28784
0
37
1.000000
changebyte
286331153
4
1
31
startbyte
4008636142
0
31
1.000000
changebyte
4369
2
1
16
startbyte
61166
0
16
1.000000
changebyte
3654932953
4
1
12
startbyte
640034342
0
12
1.000000
changebyte
55769
2
1
36
startbyte
9766
0
36
1.000000
changebyte
14906
2
1
10
startbyte
50629
0
10
1.000000
changebyte
39835
2
1
12
startbyte
25700
0
12
1.000000
changebyte
1010580540
4
1
29
startbyte
3284386755
0
29
1.000000
changebyte
15420
2
1
27
startbyte
50115
0
27
1.000000
changebyte
24158
2
1
20
startbyte
41377
0
20
1.000000
changebyte
1583242846
4
1
27
startbyte
2711724449
0
27
1.000000
changebyte
57311
2
1
56
startbyte
8224
0
56
1.000000
changebyte
3755991007
4
1
63
startbyte
538976288
0
63
1.000000
changebyte
65535
2
1
31
startbyte
0
0
31
1.000000
changebyte
